Wyniki dla 6 obszarów materia³owych, podzielonych na siatkê o 
Obszary
0.002
0.002
0.002
0.002
0.002
0.0026
0.0026
0.0026
0.0026
0.0026
0.0044
0.0044
0.0044
0.0044
0.0044
0.0044
0.0044
0.0044
0.0044
0.0044
0.0066
0.0066
0.00660001
0.0066
0.0066
0.004
0.004
0.004
0.004
0.004
D³ugoœci
293
303.739
313.504
322.297
330.117
336.964
346.615
356.266
365.917
375.567
385.218
407.233
421.504
428.03
426.813
417.852
410.915
403.978
397.041
390.104
383.167
371.022
358.877
346.732
334.587
322.442
315.082
307.721
300.361
293
Liczba obszarow po zageszczeniu: 30
