Wyniki dla 6 obszarów materia³owych, podzielonych na siatkê o 
Szerokosci odcinkow:
0.0005
0.0005
0.0005
0.0005
0.0005
0.0005
0.0005
0.0005
0.0005
0.0005
0.0005
0.0005
0.0005
0.0005
0.0005
0.0005
0.0005
0.0005
0.0005
0.0005
0.00065
0.000650001
0.00065
0.000650001
0.00065
0.00065
0.000650001
0.000650001
0.00065
0.00065
0.000650002
0.00065
0.00065
0.00065
0.00065
0.00065
0.00065
0.00065
0.00065
0.000650002
0.0011
0.0011
0.0011
0.0011
0.0011
0.0011
0.0011
0.0011
0.0011
0.0011
0.0011
0.0011
0.0011
0.0011
0.0011
0.0011
0.0011
0.0011
0.0011
0.0011
0.0011
0.0011
0.0011
0.0011
0.0011
0.0011
0.0011
0.0011
0.0011
0.0011
0.0011
0.0011
0.0011
0.0011
0.0011
0.0011
0.0011
0.0011
0.0011
0.0011
0.00165
0.00165
0.00164999
0.00165
0.00165
0.00165
0.00165
0.00164999
0.00165
0.00165
0.00164999
0.00165
0.00165
0.00165
0.00165
0.00164999
0.00165
0.00165
0.00164999
0.00165001
0.001
0.001
0.001
0.001
0.001
0.001
0.001
0.001
0.001
0.001
0.001
0.001
0.001
0.001
0.001
0.001
0.001
0.001
0.001
0.001
Temperatury odcinkow:
293
295.795
298.529
301.202
303.814
306.365
308.856
311.286
313.655
315.963
318.211
320.397
322.523
324.588
326.592
328.535
330.418
332.239
334
335.7
337.34
339.781
342.222
344.663
347.104
349.545
351.987
354.428
356.869
359.31
361.751
364.192
366.633
369.075
371.516
373.957
376.398
378.839
381.28
383.721
386.162
392.468
398.289
403.627
408.481
412.85
416.736
420.138
423.055
425.489
427.439
428.904
429.886
430.384
430.398
429.928
428.974
427.535
425.613
423.207
420.317
418.624
416.931
415.238
413.545
411.852
410.159
408.466
406.773
405.079
403.386
401.693
399.999
398.306
396.612
394.919
393.225
391.532
389.838
388.145
386.451
383.486
380.521
377.556
374.591
371.626
368.661
365.696
362.73
359.765
356.8
353.835
350.869
347.904
344.939
341.973
339.008
336.043
333.077
330.112
327.147
325.349
323.552
321.755
319.958
318.161
316.363
314.566
312.769
310.972
309.175
307.378
305.58
303.783
301.986
300.189
298.392
296.594
294.797
293
Liczba obszarow po zageszczeniu: 120
