Wyniki dla 6 obszarów materia³owych, podzielonych na siatkê o 
Obszary
0.002
0.002
0.002
0.002
0.002
0.0026
0.0026
0.0026
0.0026
0.0026
0.0044
0.0044
0.0044
0.0044
0.0044
0.0044
0.0044
0.0044
0.0044
0.0044
0.0066
0.0066
0.00660001
0.0066
0.0066
0.004
0.004
0.004
0.004
0.004
D³ugoœci
0
-185000
-185000
-185000
-185000
-185000
-121923
-121923
-121923
-121923
-121923
-45454.6
-45454.6
-45454.5
-45454.6
-45454.5
-84090.9
-84091
-84090.9
-84091
-84090.9
-48030.3
-48030.3
-48030.3
-48030.3
-48030.3
-79250
-79250
-79250
-79250
Liczba obszarow po zageszczeniu: 30
