Wyniki dla 4 obszarów materia³owych, podzielonych na siatkê o 
Obszary
0
0.0625
0.125
0.1875
0.25
0.3125
0.375
0.4375
0.5
0.5625
0.625
0.6875
0.75
0.8125
0.875
0.9375
1
1.0625
1.125
1.1875
1.25
1.3125
1.375
1.4375
1.5
1.5625
1.625
1.6875
1.75
1.8125
1.875
1.9375
2
2.0625
2.125
2.1875
2.25
2.3125
2.375
2.4375
2.5
2.5625
2.625
2.6875
2.75
2.8125
2.875
2.9375
3
3.0625
3.125
3.1875
3.25
3.3125
3.375
3.4375
3.5
3.5625
3.625
3.6875
3.75
3.8125
3.875
3.9375
4
4.03594
4.07188
4.10781
4.14375
4.17969
4.21562
4.25156
4.2875
4.32344
4.35938
4.39531
4.43125
4.46719
4.50312
4.53906
4.575
4.61094
4.64687
4.68281
4.71875
4.75469
4.79063
4.82656
4.8625
4.89844
4.93438
4.97031
5.00625
5.04219
5.07813
5.11406
5.15
5.18594
5.22188
5.25781
5.29375
5.32969
5.36562
5.40156
5.4375
5.47344
5.50938
5.54531
5.58125
5.61719
5.65313
5.68906
5.725
5.76094
5.79688
5.83281
5.86875
5.90469
5.94063
5.97656
6.0125
6.04844
6.08438
6.12031
6.15625
6.19219
6.22813
6.26406
6.3
6.31875
6.3375
6.35625
6.375
6.39375
6.4125
6.43125
6.45
6.46875
6.4875
6.50625
6.525
6.54375
6.5625
6.58125
6.6
6.61875
6.6375
6.65625
6.675
6.69375
6.7125
6.73125
6.75
6.76875
6.7875
6.80625
6.825
6.84375
6.8625
6.88125
6.9
6.91875
6.9375
6.95625
6.975
6.99375
7.0125
7.03125
7.05
7.06875
7.0875
7.10625
7.125
7.14375
7.1625
7.18125
7.2
7.21875
7.2375
7.25625
7.275
7.29375
7.3125
7.33125
7.35
7.36875
7.3875
7.40625
7.425
7.44375
7.4625
7.48125
7.5
7.53906
7.57813
7.61719
7.65625
7.69531
7.73438
7.77344
7.8125
7.85156
7.89063
7.92969
7.96875
8.00781
8.04688
8.08594
8.125
8.16406
8.20313
8.24219
8.28125
8.32031
8.35938
8.39844
8.4375
8.47656
8.51563
8.55469
8.59375
8.63281
8.67188
8.71094
8.75
8.78906
8.82813
8.86719
8.90625
8.94531
8.98438
9.02344
9.0625
9.10156
9.14063
9.17969
9.21875
9.25781
9.29688
9.33594
9.375
9.41406
9.45313
9.49219
9.53125
9.57031
9.60938
9.64844
9.6875
9.72656
9.76563
9.80469
9.84375
9.88281
9.92188
9.96094
10
Liczba obszarow po zageszczeniu: 256
